64
[113.33383220888363, 91.20625601429127, 85.22645224536018, 80.80721335175087, 78.31004807842312, 76.73690859557884, 75.74814007493893, 74.07594157894671, 72.78825877495666, 72.01737469664167, 71.83694235284031, 70.92158882026118, 70.43375454994046, 69.47109601372166, 69.59153586939762, 69.12069122630221, 68.33894331382189, 67.82035259084259, 67.83729587047004, 67.17005002095956]
[87.1993179321289, 81.20103454589844, 85.67304992675781, 75.69050598144531, 74.84329223632812, 79.89183807373047, 73.90567016601562, 80.48533630371094, 78.09014129638672, 73.15316009521484, 70.45481872558594, 80.31101989746094, 85.46871185302734, 69.70698547363281, 71.00248718261719, 71.45532989501953, 72.525634765625, 72.60337829589844, 69.7624740600586, 69.77729797363281]
128
[113.6768884898543, 91.35714851601894, 85.61872664119724, 81.4129458103045, 79.12228119363957, 76.5508733248954, 75.41599409821833, 74.66750005465835, 73.95053646364084, 72.42005513506618, 71.72260856553503, 71.19270580037785, 70.84610366184508, 70.06233922852743, 69.68862374542458, 69.2832826740238, 69.0422008623781, 68.65315684425671, 68.18175658258227, 67.60817131954951, 67.48294310352509, 67.06288413222343, 66.48279598802445, 66.57476657165473, 66.28941584588596, 65.926217958296, 65.88018896405563, 65.82534129097063, 65.32929470308729, 66.0024327639979, 65.21174126446762, 65.21050385818272, 64.71619055089478, 64.69018159180482, 64.57258495849975, 64.1915439765283, 64.28816019299455, 63.909361423700695, 63.65672202158986, 63.8579609118759]
[84.77365112304688, 102.30555725097656, 81.8208236694336, 84.99178314208984, 108.83786010742188, 75.26190948486328, 99.70497131347656, 99.5742416381836, 80.05448150634766, 71.34385681152344, 71.83031463623047, 86.28424835205078, 72.9521713256836, 72.09881591796875, 77.34947204589844, 94.39118194580078, 70.52803039550781, 77.7724380493164, 90.9278335571289, 70.23948669433594, 70.84989929199219, 68.49284362792969, 70.90777587890625, 75.29978942871094, 73.10437774658203, 70.86351776123047, 74.57653045654297, 68.43009948730469, 69.37716674804688, 68.82178497314453, 76.08892059326172, 75.40055084228516, 69.75670623779297, 68.20182800292969, 77.80223846435547, 68.54261016845703, 69.6620101928711, 72.16949462890625, 67.81771087646484, 75.12997436523438]
256
[115.070209963155, 92.43198359864768, 85.48938202277377, 82.15071275546994, 79.08531702061104, 77.33585349219292, 76.0976192025996, 74.56904228278623, 74.20718182772046, 72.57307565895854, 72.48504427485081, 72.40245991659651, 70.84033845787617, 70.8559419545056, 69.96981197366168, 69.6933839879257, 69.39076912805777, 69.32474936506267, 68.48412457546286, 67.97320557333593, 67.83653391877779, 67.54166614831384, 67.37795934130241, 67.02857947087344, 66.96321758353982, 66.82120552553685, 66.84997936486262, 65.81156881812606, 65.48844887979932, 65.56266422498348, 65.60754204283337, 65.47180791848865, 65.24571244358923, 65.31852557803361, 65.73783494971066, 65.21482683501652, 64.5557654123089, 64.64150127873866, 64.60534119137796, 64.12789508506059]
[94.73255920410156, 82.82512664794922, 80.05513000488281, 84.5293960571289, 75.64663696289062, 87.37069702148438, 74.84181213378906, 74.94336700439453, 86.56452178955078, 74.82318878173828, 74.2010269165039, 75.51691436767578, 70.71549224853516, 76.11050415039062, 70.4151611328125, 87.0189208984375, 85.7305679321289, 115.11526489257812, 73.14850616455078, 73.97581481933594, 69.42862701416016, 70.77044677734375, 86.8995590209961, 68.43133544921875, 71.00118255615234, 68.81509399414062, 73.04238891601562, 70.68277740478516, 75.09724426269531, 78.36359405517578, 70.75140380859375, 98.53213500976562, 68.98210906982422, 78.4803466796875, 72.88433837890625, 69.71073913574219, 71.95584106445312, 71.36426544189453, 69.1893310546875, 94.59153747558594]
512
[119.06858496654718, 93.97640664097088, 86.9806542304774, 82.77277925945322, 80.66546269111154, 78.01755110166809, 76.71184707811659, 75.45126929174515, 75.30183236597095, 74.57836167492084, 72.23267554468933, 72.21343318374721, 72.29543911052893, 71.5314326050332, 70.99483172311056, 70.85255178446295, 70.46143337374865, 69.29124700788991, 69.82468654841583, 69.65002116872303, 68.319235709738, 69.09853459528273, 68.29371554666116, 67.66410823141788, 68.26203741263144, 68.06109669483841, 67.10349570328292, 67.05527099735232, 66.67226613045487, 66.99456535955161, 65.82903339351525, 66.29483760105562, 66.3193004017071, 65.90046788029846, 65.91475103749877, 65.93405153502279, 65.97383457417574, 65.26075345909886, 65.52054338443963, 65.10403362148313]
[98.57462310791016, 85.89754486083984, 106.5162353515625, 100.41539001464844, 79.29605102539062, 76.0448989868164, 76.00828552246094, 80.98783874511719, 74.99681091308594, 72.83419799804688, 70.46484375, 90.06550598144531, 72.25792694091797, 92.91261291503906, 71.60691833496094, 73.55585479736328, 70.37911224365234, 71.26300811767578, 70.96556091308594, 74.32190704345703, 74.10979461669922, 72.253662109375, 70.96965789794922, 74.92906951904297, 70.0821533203125, 69.38055419921875, 69.22774505615234, 69.58158874511719, 80.26712799072266, 69.41710662841797, 68.57051849365234, 70.60369110107422, 68.13027954101562, 77.27869415283203, 69.29167175292969, 81.57898712158203, 67.56880187988281, 77.56614685058594, 81.91231536865234, 75.40022277832031]
1024
[117.48534562020254, 95.44780125921389, 87.68581507005564, 84.90129934364852, 81.53384341260906, 79.16283928233624, 77.79591539443616, 77.0322999583392, 76.0946831021455, 75.01857949352039, 74.57445226667065, 73.88472862048872, 73.31529638847776, 73.09018727614949, 72.1302902046752, 71.4249077272153, 72.1094921807651, 71.49442191978, 70.68420704649081, 70.65735803002555, 70.52599221762952, 69.27084726830309, 69.62404500998012, 69.22345387027288, 69.60070051738622, 69.09836782588793, 68.51730751223388, 69.00781487425948, 68.1417258652944, 67.80004269404385, 67.91442129018263, 68.04488946318345, 67.7309295582378, 67.27517116828314, 67.65696710596286, 67.46062922103145, 67.83388428189862, 66.72711260433002, 66.94459571898311, 66.82002172541263]
[102.77622985839844, 91.39167022705078, 110.43132781982422, 74.30071258544922, 79.9693832397461, 77.35111999511719, 71.64237213134766, 85.10514068603516, 74.42521667480469, 94.62873077392578, 79.73361206054688, 86.58219909667969, 73.1171875, 69.70366668701172, 72.02703094482422, 82.55372619628906, 71.54022216796875, 71.17737579345703, 72.0267333984375, 87.19510650634766, 90.40708923339844, 121.65637969970703, 96.41584014892578, 71.39447784423828, 76.00553131103516, 72.2196273803711, 79.03199005126953, 71.82955932617188, 85.4949951171875, 72.25894927978516, 80.6727294921875, 89.27936553955078, 70.16393280029297, 72.44145965576172, 85.11982727050781, 74.4609603881836, 69.83985137939453, 70.76695251464844, 69.12906646728516, 69.3035888671875]
2048
[123.52837552129051, 99.58595671479569, 90.38171835162933, 86.84014869963008, 84.57514128231759, 82.66377059025551, 81.32322055677308, 79.65800923020092, 80.04305437691832, 77.70301629629832, 77.11512796464906, 76.43282894908398, 75.77462827794119, 75.86097852824854, 75.53659149163929, 74.64705326476626, 74.40628134651813, 74.02394978567455, 73.30134405700223, 73.44900711858169, 73.05960539449225, 73.15757004388747, 72.7875414001408, 73.02173244307009, 72.77748162205165, 71.97464782238382, 71.54591845323603, 71.4657276762768, 71.0726497244479, 71.62986749602601, 70.44402534289334, 71.4622128296348, 70.58914589095284, 69.87495398334134, 70.40164272876959, 70.57263298727167, 69.87488362570026, 69.57595518416339, 69.63331839425865, 69.96292149842675]
[93.88915252685547, 98.1513900756836, 122.28421020507812, 75.50746154785156, 77.52014923095703, 85.73162078857422, 80.3565444946289, 148.76388549804688, 87.70313262939453, 82.0040512084961, 76.46597290039062, 79.37683868408203, 80.96031188964844, 87.51619720458984, 117.6851806640625, 76.51962280273438, 93.38921356201172, 74.6185531616211, 74.42374420166016, 74.22330474853516, 78.81029510498047, 79.4541244506836, 84.82635498046875, 70.83541870117188, 92.2903823852539, 85.32516479492188, 72.74823760986328, 89.92372131347656, 109.72217559814453, 76.74150848388672, 84.77648162841797, 72.9856185913086, 72.9090805053711, 72.8861312866211, 72.7496566772461, 84.82450103759766, 78.2412338256836, 75.61578369140625, 76.20689392089844, 80.35364532470703]
512
[105.51831450634647, 80.24652785704254, 73.44233974695018, 68.94831728691766, 65.79642371249217]
[103.21424102783203, 70.52861785888672, 69.32682800292969, 71.13019561767578, 68.79853820800781]
conv
[200.32416313572935, 106.27487706033058, 97.9422032988549, 94.40318344600165, 91.96676503741077, 90.11350528854885, 88.58816933219862, 87.37395334374877, 86.70697634255708, 85.36722648078218, 84.42722821797523, 83.80969073542066, 83.28234950127043, 82.84995145265829, 81.79193408060335, 81.13839425276511, 81.15145472813477, 80.20595225516212, 80.2027052982717, 79.45076699118303, 79.38369472721666, 79.15835744905733, 79.1709365769811, 78.7830695707032, 78.10514142320368, 77.28546016326779, 77.15605851841647, 77.25221086578489, 76.52224217599897, 76.58155400455232, 76.25580364582768, 75.59840851886386, 75.90259267397968, 75.71699400858344, 75.23409227002631, 75.32260840199449, 74.48831785614811, 74.45592190052521, 73.91136870773776, 74.07461437557217]
[114.11103820800781, 93.94829559326172, 88.3544921875, 88.12286376953125, 93.32273864746094, 88.47233581542969, 92.84890747070312, 82.31674194335938, 81.30984497070312, 78.56368255615234, 100.62744140625, 88.66097259521484, 83.08321380615234, 77.34449768066406, 80.26678466796875, 84.1696548461914, 79.11434936523438, 77.63898468017578, 76.09780883789062, 78.86791229248047, 76.86576080322266, 76.95811462402344, 80.47591400146484, 79.27222442626953, 76.57234954833984, 76.92205810546875, 76.65880584716797, 76.22303771972656, 79.21975708007812, 76.50780487060547, 74.98778533935547, 73.94163513183594, 74.59933471679688, 80.560302734375, 74.7083969116211, 76.55117797851562, 75.94571685791016, 74.51631927490234, 74.18791198730469, 83.26634216308594]
